#1507.08995
#MeV   : MeV cm^-2 s^-1
113.4530499090034 4.0395968336547284e-7
153.26188744130016 3.7017001856019106e-7
203.39911437514158 4.070232308228766e-7
270.14762313752044 2.1925300869983563e-7
361.73880078255803 6.566157603002379e-8
485.37376047389296 3.0080740844517344e-7
644.2590631185291 2.8560770274060437e-7
860.0995234141834 1.3556307036520315e-7
1161.8241365011108 1.3133502286182397e-7
1544.8543272400789 2.481759468410542e-7
2062.6972622688872 1.0379725067164705e-7
2749.426267193402 2.0841739012917217e-7
3694.430200895961 2.548484880642195e-7
4897.71618267041 7.555640904293004e-8
6526.216717513396 2.0346632886606507e-7
8779.389503761597 8.683516097166084e-8